-1 0 648
6 -1055 -211
6 -1000 -200
6 -900 -180
6 -845 -169
6 -1044 -156
6 -989 -145
6 -889 -125
6 -834 -114
6 -1033 -101
6 -978 -90
6 -878 -70
6 -823 -59
6 -1022 -46
6 -967 -35
6 -867 -15
6 -812 -4
6 -1011 9
6 -956 20
6 -856 40
6 -801 51
6 -1000 64
6 -945 75
6 -845 95
6 -790 106
6 -989 119
6 -934 130
6 -834 150
6 -779 161
6 -978 174
6 -923 185
6 -823 205
6 -768 216
6 -967 229
6 -912 240
6 -812 260
6 -757 271
6 -956 284
6 -901 295
6 -801 315
6 -746 326
6 -945 339
6 -890 350
6 -790 370
6 -735 381
6 -934 394
6 -879 405
6 -779 425
6 -724 436
6 -923 449
6 -868 460
6 -768 480
6 -713 491
6 -912 504
6 -857 515
6 -757 535
6 -702 546
6 -901 559
6 -846 570
6 -746 590
6 -691 601
6 -890 614
6 -835 625
6 -735 645
6 -680 656
6 -879 669
6 -824 680
6 -724 700
6 -669 711
6 -868 724
6 -813 735
6 -713 755
6 -658 766
6 -857 779
6 -802 790
6 -702 810
6 -647 821
6 -846 834
6 -791 845
6 -691 865
6 -636 876
6 -835 889
6 -780 900
6 -680 920
6 -625 931
6 -824 944
6 -769 955
6 -669 975
6 -614 986
6 -813 999
6 -758 1010
6 -658 1030
6 -603 1041
6 -802 1054
6 -747 1065
6 -647 1085
6 -592 1096
6 -791 1109
6 -736 1120
6 -636 1140
6 -581 1151
6 -780 1164
6 -725 1175
6 -625 1195
6 -570 1206
6 -769 1219
6 -714 1230
6 -614 1250
6 -559 1261
6 -758 1274
6 -703 1285
6 -603 1305
6 -548 1316
6 -747 1329
6 -692 1340
6 -592 1360
6 -537 1371
6 -736 1384
6 -681 1395
6 -581 1415
6 -526 1426
6 -725 1439
6 -670 1450
6 -570 1470
6 -515 1481
9 -1199 -187
9 -1144 -176
9 -1044 -156
9 -989 -145
9 -1188 -132
9 -1133 -121
9 -1033 -101
9 -978 -90
9 -1177 -77
9 -1122 -66
9 -1022 -46
9 -967 -35
9 -1166 -22
9 -1111 -11
9 -1011 9
9 -956 20
9 -1155 33
9 -1100 44
9 -1000 64
9 -945 75
9 -1144 88
9 -1089 99
9 -989 119
9 -934 130
9 -1133 143
9 -1078 154
9 -978 174
9 -923 185
9 -1122 198
9 -1067 209
9 -967 229
9 -912 240
9 -1111 253
9 -1056 264
9 -956 284
9 -901 295
9 -1100 308
9 -1045 319
9 -945 339
9 -890 350
9 -1089 363
9 -1034 374
9 -934 394
9 -879 405
9 -1078 418
9 -1023 429
9 -923 449
9 -868 460
9 -1067 473
9 -1012 484
9 -912 504
9 -857 515
9 -1056 528
9 -1001 539
9 -901 559
9 -846 570
9 -1045 583
9 -990 594
9 -890 614
9 -835 625
9 -1034 638
9 -979 649
9 -879 669
9 -824 680
9 -1023 693
9 -968 704
9 -868 724
9 -813 735
9 -1012 748
9 -957 759
9 -857 779
9 -802 790
9 -1001 803
9 -946 814
9 -846 834
9 -791 845
9 -990 858
9 -935 869
9 -835 889
9 -780 900
9 -979 913
9 -924 924
9 -824 944
9 -769 955
9 -968 968
9 -913 979
9 -813 999
9 -758 1010
9 -957 1023
9 -902 1034
9 -802 1054
9 -747 1065
9 -946 1078
9 -891 1089
9 -791 1109
9 -736 1120
9 -935 1133
9 -880 1144
9 -780 1164
9 -725 1175
9 -924 1188
9 -869 1199
9 -769 1219
9 -714 1230
9 -913 1243
9 -858 1254
9 -758 1274
9 -703 1285
9 -902 1298
9 -847 1309
9 -747 1329
9 -692 1340
9 -891 1353
9 -836 1364
9 -736 1384
9 -681 1395
9 -880 1408
9 -825 1419
9 -725 1439
9 -670 1450
9 -869 1463
9 -814 1474
9 -714 1494
9 -659 1505
12 -1155 -231
12 -1000 -200
12 -845 -169
12 -790 -158
12 -735 -147
12 -680 -136
12 -625 -125
12 -570 -114
12 -515 -103
12 -460 -92
12 -405 -81
12 -1124 -76
12 -350 -70
12 -295 -59
12 -240 -48
12 -969 -45
12 -814 -14
12 -759 -3
12 -704 8
12 -649 19
12 -594 30
12 -539 41
12 -484 52
12 -429 63
12 -374 74
12 -1093 79
12 -319 85
12 -264 96
12 -938 110
12 -783 141
12 -728 152
12 -673 163
12 -618 174
12 -563 185
12 -508 196
12 -453 207
12 -398 218
12 -343 229
12 -1062 234
12 -288 240
12 -907 265
12 -752 296
12 -697 307
12 -642 318
12 -587 329
12 -532 340
12 -477 351
12 -422 362
12 -367 373
12 -312 384
12 -1031 389
12 -876 420
12 -721 451
12 -666 462
12 -611 473
12 -556 484
12 -501 495
12 -446 506
12 -391 517
12 -336 528
12 -1000 544
12 -845 575
12 -690 606
12 -635 617
12 -580 628
12 -525 639
12 -470 650
12 -415 661
12 -360 672
12 -969 699
12 -814 730
12 -659 761
12 -604 772
12 -549 783
12 -494 794
12 -439 805
12 -384 816
12 -938 854
12 -783 885
12 -628 916
12 -573 927
12 -518 938
12 -463 949
12 -408 960
12 -907 1009
12 -752 1040
12 -597 1071
12 -542 1082
12 -487 1093
12 -432 1104
12 -876 1164
12 -721 1195
12 -566 1226
12 -511 1237
12 -456 1248
12 -845 1319
12 -690 1350
12 -535 1381
12 -480 1392
12 -814 1474
12 -759 1485
12 -704 1496
12 -649 1507
12 -594 1518
12 -539 1529
12 -484 1540
12 -429 1551
12 -374 1562
12 -319 1573
12 -264 1584
12 -783 1629
12 -728 1640
12 -673 1651
12 -618 1662
12 -563 1673
12 -508 1684
12 -453 1695
12 -398 1706
12 -343 1717
12 -288 1728
12 -752 1784
12 -697 1795
12 -642 1806
12 -587 1817
12 -532 1828
12 -477 1839
12 -422 1850
12 -367 1861
12 -312 1872
12 -721 1939
12 -666 1950
12 -611 1961
12 -556 1972
12 -501 1983
12 -446 1994
12 -391 2005
12 -336 2016
12 -690 2094
12 -635 2105
12 -580 2116
12 -525 2127
12 -470 2138
12 -415 2149
12 -360 2160
12 -659 2249
12 -604 2260
12 -549 2271
12 -494 2282
12 -439 2293
12 -384 2304
12 -628 2404
12 -573 2415
12 -518 2426
12 -463 2437
12 -408 2448
12 -597 2559
12 -542 2570
12 -487 2581
12 -432 2592
12 -566 2714
12 -511 2725
12 -456 2736
12 -535 2869
12 -480 2880
12 -504 3024
15 -1179 -87
15 -1024 -56
15 -869 -25
15 -814 -14
15 -759 -3
15 -704 8
15 -649 19
15 -594 30
15 -539 41
15 -484 52
15 -429 63
15 -1148 68
15 -374 74
15 -319 85
15 -993 99
15 -838 130
15 -783 141
15 -728 152
15 -673 163
15 -618 174
15 -563 185
15 -508 196
15 -453 207
15 -398 218
15 -1117 223
15 -343 229
15 -962 254
15 -807 285
15 -752 296
15 -697 307
15 -642 318
15 -587 329
15 -532 340
15 -477 351
15 -422 362
15 -367 373
15 -1086 378
15 -931 409
15 -776 440
15 -721 451
15 -666 462
15 -611 473
15 -556 484
15 -501 495
15 -446 506
15 -391 517
15 -1055 533
15 -900 564
15 -745 595
15 -690 606
15 -635 617
15 -580 628
15 -525 639
15 -470 650
15 -415 661
15 -1024 688
15 -869 719
15 -714 750
15 -659 761
15 -604 772
15 -549 783
15 -494 794
15 -439 805
15 -993 843
15 -838 874
15 -683 905
15 -628 916
15 -573 927
15 -518 938
15 -463 949
15 -962 998
15 -807 1029
15 -652 1060
15 -597 1071
15 -542 1082
15 -487 1093
15 -931 1153
15 -776 1184
15 -621 1215
15 -566 1226
15 -511 1237
15 -900 1308
15 -745 1339
15 -590 1370
15 -535 1381
15 -869 1463
15 -714 1494
15 -559 1525
15 -838 1618
15 -783 1629
15 -728 1640
15 -673 1651
15 -618 1662
15 -563 1673
15 -508 1684
15 -453 1695
15 -398 1706
15 -343 1717
15 -807 1773
15 -752 1784
15 -697 1795
15 -642 1806
15 -587 1817
15 -532 1828
15 -477 1839
15 -422 1850
15 -367 1861
15 -776 1928
15 -721 1939
15 -666 1950
15 -611 1961
15 -556 1972
15 -501 1983
15 -446 1994
15 -391 2005
15 -745 2083
15 -690 2094
15 -635 2105
15 -580 2116
15 -525 2127
15 -470 2138
15 -415 2149
15 -714 2238
15 -659 2249
15 -604 2260
15 -549 2271
15 -494 2282
15 -439 2293
15 -683 2393
15 -628 2404
15 -573 2415
15 -518 2426
15 -463 2437
15 -652 2548
15 -597 2559
15 -542 2570
15 -487 2581
15 -621 2703
15 -566 2714
15 -511 2725
15 -590 2858
15 -535 2869
15 -559 3013
18 -131 42
18 -142 108
18 -22 132
18 -153 174
18 -33 198
18 -164 240
18 -44 264
18 -175 306
18 -55 330
18 -186 372
18 -66 396
18 -197 438
18 -77 462
18 -208 504
18 -88 528
18 -219 570
18 -99 594
18 -230 636
18 -110 660
18 -241 702
18 -121 726
18 -252 768
18 -132 792
18 -263 834
18 -143 858
18 -274 900
18 -154 924
18 -285 966
18 -165 990
18 -296 1032
18 -176 1056
18 -307 1098
18 -187 1122
18 -318 1164
18 -198 1188
18 -329 1230
18 -209 1254
18 -340 1296
18 -220 1320
18 -351 1362
18 -231 1386
18 -362 1428
18 -242 1452
18 -373 1494
18 -253 1518
21 -251 18
21 -262 84
21 -142 108
21 -273 150
21 -153 174
21 -284 216
21 -164 240
21 -295 282
21 -175 306
21 -306 348
21 -186 372
21 -317 414
21 -197 438
21 -328 480
21 -208 504
21 -339 546
21 -219 570
21 -350 612
21 -230 636
21 -361 678
21 -241 702
21 -372 744
21 -252 768
21 -383 810
21 -263 834
21 -394 876
21 -274 900
21 -405 942
21 -285 966
21 -416 1008
21 -296 1032
21 -427 1074
21 -307 1098
21 -438 1140
21 -318 1164
21 -449 1206
21 -329 1230
21 -460 1272
21 -340 1296
21 -471 1338
21 -351 1362
21 -482 1404
21 -362 1428
21 -493 1470
21 -373 1494
21 -504 1536
21 -384 1560
