c --- [ banner ] -------------------------------------------------------------
c 
c CaDiCaL SAT Solver
c Copyright (c) 2016-2025
c A. Biere, M. Fleury, N. Froleyks, K. Fazekas, F. Pollitt, T. Faller
c JKU Linz, University of Freiburg, TU Wien
c 
c Version 3.0.0 7b99c07f0bcab5824a5a3ce62c7066554017f641
c g++ (Ubuntu 13.3.0-6ubuntu2~24.04) 13.3.0 -Wall -Wextra -O3 -DNDEBUG
c Thu Oct 8 16:24:35 CEST 2026 Linux 1b50830951a8 6.18.44 x86_64
c 
c --- [ limit ] --------------------------------------------------------------
c 
c setting time limit to 2400 seconds real time (due to '-t 2400')
c 
c --- [ proof tracing ] ------------------------------------------------------
c 
c opening file to write '/tmp/e135-k7-direct.lrat'
c writing non-binary proof trace to '/tmp/e135-k7-direct.lrat'
c 
c --- [ parsing input ] ------------------------------------------------------
c 
c reading DIMACS file from '/tmp/e135-k7.cnf'
c opening file to read '/tmp/e135-k7.cnf'
c found 'p cnf 5925966 12154716' header
c parsed 12154716 clauses in 14.77 seconds process time
c 
c --- [ options ] ------------------------------------------------------------
c 
c   --binary=false                 (different from default 'true')
c   --factor=false                 (different from default 'true')
c   --lrat=true                    (different from default 'false')
c 
c --- [ solving ] ------------------------------------------------------------
c 
c time measured in process time since initialization
c 
c  seconds  reduction conflicts       size tier2           variables
c         MB    restarts   redundant    glue  trail              remaining
c          level     rate       size/glu tier1   irredundant
c 
c * 14.77  0  0 0   0  0    0    0 0.0 0 0 2 6  0% 12154716 5925966 100%
c ( 18.80  0  0 0   0  0    0    0 0.0 1 0 2 6  0% 12154716 5919428 100%
c . 19.05  0  0 0   0  0    0    0 0.0 1 0 2 6  0% 12132928 5919428 100%
c c 38.51  0  0 0   0  0    0    0 0.0 1 0 2 6  0% 11503593 5345911 90%
c d 44.54  0  0 0   0  0    0    0 0.0 1 0 2 6  0% 10323172 5314085 90%
c d 50.28  0  0 0   0  0    0    0 0.0 1 0 2 6  0% 10293161 5292172 89%
c e 109.51  0  0 0   0  0    0    0 0.0 1 0 2 6  0% 7340997 1591504 27%
c P 112.17  0  0 0   0  0    0    0 0.0 1 0 2 6  0% 7340997 1591504 27%
c ) 112.17  0  0 0   0  0    0    0 0.0 1 0 2 6  0% 7340997 1591504 27%
c { 113.23  0  0 0   0  0    0    0 0.0 1 0 2 6  0% 7340997 1591504 27%
c i 113.23  0  0 0   0  0    0    0 0.0 1 0 2 6  0% 7340997 1591504 27%
c i 113.25  0  0 0   0  4    1    0 0.0 1 0 2 6  2% 7340997 1591503 27%
c i 113.26  0  0 0   0 15    2    0 0.0 1 0 2 6  4% 7340997 1591328 27%
c i 113.31  0 40 0   0 22    6    1 5.0 1 0 2 6  6% 7340997 1591266 27%
c i 113.32  0 50 0   0 19    8    1 6.0 1 0 2 6  7% 7340997 1591221 27%
c i 113.36  0 74 0   0 17   12    4 3.8 1 0 2 6  8% 7340997 1591172 27%
c i 113.41  0 78 0   0 14   16    6 3.4 1 0 2 6  9% 7340997 1591171 27%
c i 113.71  0 56 0   4 15   28   17 2.0 3 1 2 6 10% 7340997 1590989 27%
c i 113.71  0 55 0   4 15   29   17 2.0 3 1 2 6 10% 7340997 1590358 27%
c i 113.71  0 53 0   4 15   30   17 2.0 3 1 2 6 10% 7340997 1590347 27%
c 
c  seconds    reduction conflicts       size tier2          variables
c          MB     restarts   redundant    glue  trail             remaining
c            level     rate       size/glu tier1   irredundant
c 
c i 114.45  0 215 0   8 72   42   27 1.8 3 2 2 6 12% 7340997 1589886 27%
c i 117.69  0 548 0  18 249   89   67 3.3 8 3 2 6 14% 7340996 1589880 27%
c i 118.04  0 509 0  19 232   96   73 3.5 9 3 2 6 15% 7340996 1589863 27%
c i 121.94  0 365 0  30 163  142  108 4.7 16 3 2 6 16% 7340996 1589815 27%
c i 122.01  0 359 0  31 161  144  109 4.7 15 3 2 6 16% 7340996 1589813 27%
c i 122.02  0 345 0  32 155  150  114 4.7 15 3 2 6 15% 7340996 1589460 27%
c i 122.75  0 329 0  34 148  157  120 4.6 14 3 2 6 16% 7340996 1589447 27%
c i 123.54  0 305 0  36 137  170  131 4.6 15 3 2 6 16% 7340996 1588677 27%
c i 127.67  0 265 0  44 119  198  154 5.4 19 4 2 6 17% 7340996 1588027 27%
c i 129.33  0 250 0  47 112  214  169 6.3 26 4 2 6 17% 7340996 1588023 27%
c i 129.41  0 249 0  48 112  216  170 6.3 26 4 2 6 17% 7340996 1588022 27%
c i 134.71  0 216 0  57 97  251  203 7.5 32 4 2 6 18% 7340996 1588016 27%
c - 145.73  0 193 1  69 84  301  193 13.0 59 5 2 6 18% 7304874 1588016 27%
c i 146.00  0 192 1  69 83  303  194 12.9 58 5 2 6 18% 7304874 1587240 27%
c i 149.00  0 169 1  70 72  356  235 14.0 61 4 2 6 18% 7304874 1587231 27%
c i 153.41  0 149 1  76 63  418  289 16.0 73 5 2 6 18% 7304874 1587228 27%
c i 153.57  0 149 1  77 63  419  289 16.0 73 5 2 6 18% 7304874 1587226 27%
c i 154.22  0 146 1  79 62  427  293 15.8 72 5 2 6 18% 7304874 1587039 27%
c i 158.51  0 161 1  89 63  512  361 50.1 229 5 2 6 18% 7304874 1586174 27%
c i 159.93  0 156 1  89 61  529  375 49.7 223 5 2 6 18% 7304874 1586016 27%
c 
c  seconds    reduction conflicts         size  tier2          variables
c          MB     restarts   redundant       glue  trail             remaining
c            level     rate       size/glue   tier1   irredundant
c 
c i 159.95  0 156 1  89 61  531  376 49.6 223 4 2 6 18% 7304874 1586009 27%
c i 175.42  0 127 1 106 48  700  524 40.5 193 5 2 6 19% 7304874 1585406 27%
c i 181.26  0 119 1 113 44  760  574 36.8 180 5 2 6 19% 7304874 1585218 27%
c i 182.05  0 117 1 115 44  774  585 36.1 177 5 2 6 19% 7304874 1585214 27%
c i 187.15  0 146 1 123 47  814  621 37.5 195 5 2 6 19% 7304874 1585125 27%
c i 187.19  0 146 1 123 47  816  622 37.5 194 5 2 6 19% 7304874 1584423 27%
c i 187.51  0 145 1 125 47  820  625 37.5 193 5 2 6 19% 7304874 1582845 27%
c i 188.05  0 144 1 127 47  827  631 37.3 192 5 2 6 19% 7304874 1582828 27%
c i 188.06  0 144 1 127 47  828  631 37.3 191 5 2 6 19% 7304874 1581024 27%
c i 188.13  0 143 1 128 47  831  633 37.3 191 5 2 6 19% 7304874 1580866 27%
c i 188.17  0 142 1 130 46  840  638 37.2 189 5 2 6 19% 7304874 1580853 27%
c i 189.17  0 139 1 132 45  865  659 36.1 187 5 2 6 19% 7304874 1580849 27%
c i 189.25  0 139 1 133 45  868  661 35.9 187 5 2 6 19% 7304874 1580848 27%
c i 197.30  0 130 1 155 42  963  741 32.3 175 5 2 6 19% 7304874 1579903 27%
c i 200.07  0 129 1 157 41  979  754 32.5 178 5 2 6 19% 7304874 1579897 27%
c i 200.17  0 128 1 158 41  982  756 32.4 177 5 2 6 19% 7304874 1575662 27%
c i 200.48  0 128 1 159 41  989  761 32.3 176 5 2 6 19% 7304874 1573909 27%
c } 201.46  0 127 1 161 40 1004  774 32.0 173 5 2 6 19% 7304874 1572353 27%
c [ 201.46  0  0 1 161  0 1004  774 0.0 0 0 2 6  0% 7304874 1572353 27%
c O 201.56  0 11 1 161 12 1006  774 0.0 0 0 2 6 11% 7304873 1572353 27%
c 
c  seconds   reduction conflicts       size tier2          variables
c          MB    restarts   redundant    glue  trail             remaining
c           level     rate       size/glu tier1   irredundant
c 
c i 201.58  0 12 1 161  7 1007  774 0.0 1 0 2 6 11% 7304873 1571834 27%
c i 201.59  0 12 1 161  7 1008  774 0.0 1 0 2 6 11% 7304873 1571830 27%
c i 201.60  0 12 1 161  7 1009  774 0.0 1 0 2 6 11% 7304873 1571785 27%
c i 201.63  0 12 1 161  6 1011  774 0.0 1 0 2 6 11% 7304873 1568002 26%
c i 201.64  0 10 1 161  8 1012  774 0.0 1 0 2 6 11% 7304873 1567971 26%
c i 201.65  0  9 1 161  9 1013  774 0.0 1 0 2 6 11% 7304873 1567958 26%
c i 201.65  0  8 1 161 10 1014  774 0.0 1 0 2 6 11% 7304873 1567887 26%
c i 201.66  0  8 1 161 11 1015  774 0.0 1 0 2 6 11% 7304873 1567624 26%
c i 201.67  0  7 1 161 12 1016  774 0.0 1 0 2 6 11% 7304873 1567360 26%
c i 201.68  0  7 1 161 13 1017  774 0.0 1 0 2 6 11% 7304873 1566901 26%
c i 201.69  0  7 1 161 14 1018  774 0.0 1 0 2 6 11% 7304873 1566879 26%
c i 201.71  0 11 1 161 11 1024  779 4.8 1 0 2 6 11% 7304873 1566873 26%
c i 201.73  0  9 1 161  9 1028  782 3.9 1 0 2 6 11% 7304873 1566700 26%
c i 202.04  0  7 1 161  6 1046  798 2.7 4 2 2 6 12% 7304873 1566282 26%
c i 202.07  0  7 1 161  6 1047  798 2.7 4 1 2 6 12% 7304873 1566117 26%
c i 202.15  0  7 1 161  5 1051  797 2.7 4 1 2 6 12% 7304873 1565988 26%
c i 215.23  0 139 1 161  5 1267  907 28.1 1180 42 2 6 27% 7304873 1565981 26%
c i 222.75  0 234 1 161  4 1505 1084 40.4 2072 51 2 6 27% 7304873 1565980 26%
c i 223.14  0 243 1 161  4 1524 1101 38.1 2036 53 2 6 27% 7304873 1565886 26%
c - 227.66  0 251 2 161  4 1542  801 36.3 1997 55 2 6 27% 7085838 1565731 26%
c 
c  seconds    reduction conflicts         size    tier2          variables
c          MB     restarts   redundant        glue   trail             remaining
c            level     rate       size/glue     tier1   irredundant
c 
c i 232.36  0 273 2 161  4 1699  867 27.9 1914 69 2 6 28% 7085838 1565359 26%
c i 234.89  0 270 2 161  3 1799  902 26.7 1897 71 2 6 28% 7085838 1565321 26%
c i 238.62  0 253 2 161  3 1893  962 26.1 1776 68 2 6 28% 7085838 1565196 26%
c i 244.48  0 230 2 161  3 2026 1070 27.6 1690 61 2 6 28% 7085838 1564528 26%
c i 245.64  0 224 2 161  3 2047 1089 27.5 1646 60 2 6 28% 7085838 1564526 26%
c s 256.87  0 218 2 161  3 2074 1084 27.4 1594 58 2 6 28% 6878263 1563913 26%
c t 262.12  0 218 2 161  3 2074 1084 27.4 1594 58 2 6 28% 6875269 1510353 25%
c e 288.37  0 218 2 161  3 2074  600 27.4 1594 58 2 6 28% 5145222 1109800 19%
c s 293.90  0 218 2 161  3 2074  598 27.4 1594 58 2 6 28% 5026613 1109800 19%
c e 298.82  0 218 2 161  3 2074  580 27.4 1594 58 2 6 28% 4980366 1091828 18%
c i 321.57  0 172 2 161  3 2297  766 26.5 1244 47 2 6 58% 4980366 1091821 18%
c ] 336.27  0 144 2 162  3 2716 1086 23.7 968 41 2 6 54% 4980366 1091821 18%
c { 336.27  0 127 2 162 40 2716 1086 32.0 173 5 2 6 105% 4980366 1091821 18%
c i 337.32  0 124 2 167 40 2743 1110 31.1 169 5 2 6 103% 4980366 1091785 18%
c i 337.32  0 124 2 167 40 2745 1110 31.1 169 5 2 6 103% 4980366 1091781 18%
c i 337.32  0 124 2 167 39 2746 1110 31.1 169 5 2 6 103% 4980366 1091715 18%
c i 337.32  0 124 2 167 39 2751 1113 31.1 168 5 2 6 102% 4980366 1091617 18%
c i 340.18  0 119 2 172 37 2826 1181 29.9 167 6 2 6 97% 4980366 1089841 18%
c i 340.54  0 119 2 173 37 2833 1186 29.6 166 6 2 6 97% 4980366 1089835 18%
c i 343.01  0 115 2 186 36 2880 1230 28.4 160 6 2 6 94% 4980366 1089794 18%
c 
c  seconds    reduction conflicts         size  tier2          variables
c          MB     restarts   redundant       glue  trail             remaining
c            level     rate       size/glue   tier1   irredundant
c 
c i 344.60  0 113 2 193 36 2905 1253 27.9 158 6 2 6 93% 4980366 1088100 18%
c i 344.96  0 113 2 194 36 2910 1257 27.8 157 6 2 6 92% 4980366 1088096 18%
c i 344.97  0 113 2 194 36 2911 1257 27.8 157 6 2 6 92% 4980366 1088090 18%
c O 347.75  0 109 2 198 34 3007 1331 26.6 149 6 2 6 87% 4980366 1088090 18%
c i 350.71  0 112 2 205 31 3135 1420 17.2 166 10 2 6 83% 4980366 1088088 18%
c i 350.75  0 111 2 207 31 3140 1422 17.1 166 10 2 6 82% 4980366 1088086 18%
c i 350.75  0 111 2 207 31 3141 1422 17.1 166 10 2 6 82% 4980366 1088085 18%
c i 351.90  0 110 2 212 31 3164 1441 17.1 163 10 2 6 82% 4980366 1088056 18%
c i 352.95  0 107 2 223 30 3215 1482 16.9 159 9 2 6 79% 4980366 1088052 18%
c i 352.95  0 107 2 224 30 3218 1483 16.9 159 9 2 6 79% 4980366 1087941 18%
c i 352.95  0 106 2 225 30 3221 1485 16.9 158 9 2 6 79% 4980366 1087936 18%
c i 353.17  0 105 2 225 29 3271 1513 16.8 154 9 2 6 77% 4980366 1087934 18%
c i 353.67  0 102 2 225 28 3320 1554 16.6 149 9 2 6 75% 4980366 1087902 18%
c i 353.68  0 102 2 225 28 3322 1555 16.6 149 9 2 6 75% 4980366 1087895 18%
c i 353.70  0 102 2 225 28 3327 1557 16.6 149 9 2 6 74% 4980366 1087875 18%
c i 353.86  0 100 2 225 28 3352 1577 16.5 146 9 2 6 73% 4980366 1087610 18%
c i 356.93  0 99 2 229 27 3428 1636 16.2 146 9 2 6 72% 4980366 1087177 18%
c i 359.39  0 96 2 239 26 3530 1686 15.6 142 9 2 6 69% 4980366 1087169 18%
c i 360.54  0 95 2 243 25 3558 1712 15.6 140 9 2 6 68% 4980366 1086765 18%
c i 361.83  0 94 2 243 25 3581 1729 15.5 139 9 2 6 68% 4980366 1085792 18%
c 
c  seconds   reduction conflicts         size  tier2          variables
c          MB    restarts   redundant       glue  trail             remaining
c           level     rate       size/glue   tier1   irredundant
c 
c i 367.82  0 88 2 243 23 3748 1876 15.9 139 9 2 6 64% 4980366 1085787 18%
c i 369.06  0 86 2 243 23 3796 1907 15.8 136 9 2 6 63% 4980366 1085785 18%
c i 369.44  0 85 2 243 22 3818 1926 15.7 134 9 2 6 63% 4980366 1085781 18%
c i 369.83  0 84 2 243 22 3855 1954 15.6 132 8 2 6 62% 4980366 1085101 18%
c i 371.02  0 81 2 243 21 3943 2019 15.3 128 8 2 6 60% 4980366 1085087 18%
c i 372.95  0 78 2 243 20 4055 2096 14.9 123 8 2 6 58% 4980366 1084657 18%
c i 373.71  0 77 2 243 20 4095 2123 14.8 121 8 2 6 57% 4980366 1083152 18%
c i 376.55  0 75 2 243 19 4172 2173 14.8 119 8 2 6 56% 4980366 1083144 18%
c i 377.22  0 75 2 243 19 4208 2205 14.6 117 8 2 6 56% 4980366 1082975 18%
c i 377.34  0 75 2 243 19 4213 2209 14.6 117 8 2 6 55% 4980366 1082924 18%
c i 377.65  0 75 2 243 19 4229 2222 14.5 116 8 2 6 55% 4980366 1082921 18%
c i 378.24  0 76 2 243 19 4291 2271 14.3 114 8 2 6 54% 4980366 1082910 18%
c - 381.67  0 75 3 247 18 4340 1792 14.0 112 8 2 6 53% 4890498 1082804 18%
c i 392.37  0 67 3 264 16 4797 2145 15.8 123 8 2 6 51% 4890498 1082769 18%
c i 395.71  0 65 3 271 16 4940 2265 15.5 120 8 2 6 50% 4890498 1082432 18%
c i 395.76  0 65 3 271 16 4952 2274 15.5 120 8 2 6 50% 4890498 1082400 18%
c i 398.01  0 64 3 271 15 5020 2328 15.4 118 8 1 2 50% 4890498 1082399 18%
c 2 398.28  0 64 3 271 15 5020 2326 15.4 118 8 1 2 50% 4890122 1082376 18%
c d 399.67  0 64 3 271 15 5020 2304 15.4 118 8 1 2 50% 4882825 1081309 18%
c d 400.75  0 64 3 271 15 5020 2304 15.4 118 8 1 2 50% 4879963 1081264 18%
c 
c  seconds   reduction conflicts           size  tier2          variables
c          MB    restarts    redundant        glue  trail             remaining
c           level     rate         size/glue   tier1   irredundant
c 
c p 401.78  0 64 3 271 15 5020 143746 15.4 118 8 1 2 50% 4879963 1076058 18%
c d 403.07  0 64 3 271 15 5020 124020 15.4 118 8 1 2 50% 4827760 1075817 18%
c d 404.59  0 64 3 271 15 5020 123975 15.4 118 8 1 2 50% 4824893 1075059 18%
c c 410.71  0 64 3 271 15 5020 123874 15.4 118 8 1 2 50% 4744999 1063286 18%
c d 412.09  0 64 3 271 15 5020 121735 15.4 118 8 1 2 50% 4702009 1062024 18%
c d 413.36  0 64 3 271 15 5020 121703 15.4 118 8 1 2 50% 4699888 1061384 18%
c k 415.85  0 64 3 271 15 5020 121703 15.4 118 8 1 2 50% 4699888 1047520 18%
c 2 416.11  0 64 3 271 15 5020 121256 15.4 118 8 1 2 50% 4698448 1046783 18%
c = 425.76  0 64 3 271 15 5020 114287 15.4 118 8 1 2 50% 4468385 1027655 17%
c d 427.45  0 64 3 271 15 5020 114274 15.4 118 8 1 2 50% 4468235 1027628 17%
c d 428.70  0 64 3 271 15 5020 114053 15.4 118 8 1 2 50% 4464466 1026566 17%
c t 431.44  0 64 3 271 15 5020 114053 15.4 118 8 1 2 50% 4462189 1023227 17%
c i 432.79  0 63 3 271 15 5088 114109 15.3 116 8 1 2 49% 4462189 1022508 17%
c i 432.84  0 63 3 271 15 5102 114117 15.2 116 8 1 2 49% 4462189 1022454 17%
c i 432.87  0 63 3 271 15 5108 114121 15.2 115 8 1 2 49% 4462189 1022412 17%
c i 432.91  0 63 3 271 15 5123 114127 15.2 115 8 1 2 48% 4462189 1020868 17%
c i 432.92  0 63 3 271 15 5126 114129 15.2 115 8 1 2 48% 4462189 1019595 17%
c i 432.93  0 63 3 271 15 5130 114130 15.2 115 8 1 2 48% 4462189 1019396 17%
c i 432.96  0 63 3 271 15 5138 114136 15.2 115 8 1 2 48% 4462189 1019387 17%
c i 432.96  0 63 3 271 15 5139 114136 15.2 114 8 1 2 48% 4462189 1019307 17%
c 
c  seconds   reduction conflicts           size  tier2          variables
c          MB    restarts    redundant        glue  trail             remaining
c           level     rate         size/glue   tier1   irredundant
c 
c i 437.45  0 61 3 272 15 5230 114202 14.9 112 8 1 2 48% 4462189 1019302 17%
c i 438.11  0 61 3 272 14 5274 114238 15.0 112 7 1 2 48% 4462189 1019293 17%
c i 439.64  0 61 3 277 14 5310 114270 14.8 112 8 1 2 48% 4462189 1018800 17%
c i 443.06  0 60 3 287 14 5436 114377 14.8 112 8 1 2 48% 4462189 1018798 17%
c i 444.77  0 60 3 290 14 5490 114425 14.7 111 8 1 2 48% 4462189 1018768 17%
c i 445.61  0 59 3 290 14 5532 114461 14.6 110 8 1 2 47% 4462189 1018709 17%
c i 446.06  0 59 3 290 14 5553 114480 14.6 110 8 1 2 47% 4462189 1018706 17%
c i 446.18  0 59 3 290 14 5565 114491 14.6 110 8 1 2 47% 4462189 1018699 17%
c i 449.17  0 60 3 294 14 5646 114560 14.3 108 8 1 2 47% 4462189 1018393 17%
c i 461.01  0 58 3 327 13 5880 114762 14.1 108 8 1 2 47% 4462189 1017276 17%
c i 461.99  0 58 3 328 13 5893 114774 14.1 109 8 1 2 47% 4462189 1017260 17%
c i 461.99  0 58 3 328 13 5894 114774 14.1 109 8 1 2 47% 4462189 1017245 17%
c # 464.29  0 58 3 328 13 6009 114861 14.0 106 8 1 2 47% 4462189 1017245 17%
c i 465.49  0 58 3 328 13 6056 114897 13.9 106 8 1 2 46% 4462189 1017243 17%
c i 466.88  0 57 3 331 13 6111 114939 13.8 105 8 1 2 46% 4462189 1015996 17%
c i 469.67  0 57 3 331 12 6260 114989 13.4 104 8 1 2 45% 4462189 1015993 17%
c i 470.50  0 57 3 337 12 6288 114999 13.4 103 8 1 2 45% 4462189 1015984 17%
c i 473.85  0 57 3 351 12 6444 115087 13.3 104 8 1 2 45% 4462189 1015911 17%
c i 473.86  0 57 3 351 12 6445 115087 13.3 103 8 1 2 45% 4462189 1015624 17%
c i 477.46  0 57 3 356 12 6530 115164 14.2 110 8 1 2 45% 4462189 1015521 17%
c 
c  seconds   reduction conflicts           size  tier2          variables
c          MB    restarts    redundant        glue  trail             remaining
c           level     rate         size/glue   tier1   irredundant
c 
c i 478.69  0 57 3 360 12 6595 115214 14.1 110 8 1 2 45% 4462189 1015519 17%
c i 481.84  0 56 3 370 12 6694 115286 14.1 109 8 1 2 45% 4462189 1015513 17%
c i 483.08  0 57 3 374 12 6724 115310 14.0 109 8 1 2 45% 4462189 1015269 17%
c i 485.52  0 57 3 377 12 6800 115377 13.9 108 8 1 2 45% 4462189 1015266 17%
c i 486.30  0 57 3 377 11 6875 115438 13.8 107 8 1 2 44% 4462189 1015265 17%
c i 487.37  0 57 3 377 11 6910 115468 13.7 106 8 1 2 44% 4462189 1015258 17%
c i 488.43  0 57 3 378 11 6928 115484 13.7 106 8 1 2 44% 4462189 1015032 17%
c i 489.88  0 58 3 382 11 6962 115508 13.8 107 8 1 2 44% 4462189 1014524 17%
c i 490.32  0 58 3 385 11 6976 115519 13.8 107 8 1 2 44% 4462189 1014457 17%
c i 492.30  0 57 3 385 11 7056 115588 14.0 108 8 1 2 44% 4462189 1014421 17%
c i 496.10  0 57 3 400 11 7145 115660 13.6 108 8 1 2 44% 4462189 1014220 17%
c i 496.38  0 57 3 403 11 7170 115675 13.6 107 8 1 2 44% 4462189 1014069 17%
c i 496.39  0 57 3 403 11 7173 115677 13.6 107 8 1 2 44% 4462189 1013760 17%
c i 504.12  0 56 3 418 11 7400 115832 13.3 105 8 1 2 45% 4462189 1013758 17%
c i 505.93  0 57 3 424 11 7465 115881 13.2 105 8 1 2 45% 4462189 1013757 17%
c i 509.13  0 56 3 429 11 7616 115988 13.1 103 8 1 2 44% 4462189 1013751 17%
c i 512.28  0 55 3 436 11 7780 116100 13.1 103 8 1 2 44% 4462189 1013750 17%
c i 520.23  0 55 3 455 10 8025 116304 13.1 103 8 1 2 44% 4462189 1013716 17%
c i 520.38  0 55 3 455 10 8037 116315 13.1 102 8 1 2 44% 4462189 1013697 17%
c i 520.38  0 55 3 455 10 8041 116317 13.1 102 8 1 2 44% 4462189 1013691 17%
c 
c  seconds   reduction conflicts           size  tier2          variables
c          MB    restarts    redundant        glue  trail             remaining
c           level     rate         size/glue   tier1   irredundant
c 
c i 522.03  0 56 3 456 10 8133 116392 13.1 103 8 1 2 44% 4462189 1013678 17%
c i 530.20  0 56 3 469 11 8359 116545 13.8 107 8 1 2 44% 4462189 1013673 17%
c i 537.86  0 56 3 487 10 8634 116746 13.7 107 8 1 2 44% 4462189 1013671 17%
c i 537.87  0 56 3 487 10 8636 116747 13.7 107 8 1 2 44% 4462189 1013662 17%
c i 537.89  0 56 3 487 10 8637 116747 13.7 107 8 1 2 44% 4462189 1013654 17%
c i 538.12  0 56 3 487 10 8658 116767 13.7 106 8 1 2 44% 4462189 1013653 17%
c i 539.81  0 56 3 490 10 8717 116817 13.6 106 8 1 2 44% 4462189 1013290 17%
c i 539.91  0 56 3 490 10 8723 116820 13.6 106 8 1 2 44% 4462189 1013256 17%
c - 543.32  0 56 4 494 10 8777 10478 13.5 105 8 1 2 44% 4340315 1013068 17%
c 2 543.58  0 56 4 494 10 8777 10346 13.5 105 8 1 2 44% 4338384 1011619 17%
c d 544.83  0 56 4 494 10 8777 10305 13.5 105 8 1 2 44% 4321787 1009944 17%
c d 545.94  0 56 4 494 10 8777 10302 13.5 105 8 1 2 44% 4318851 1009725 17%
c p 546.48  0 56 4 494 10 8777 59905 13.5 105 8 1 2 44% 4318851 1008196 17%
c d 547.72  0 56 4 494 10 8777 55068 13.5 105 8 1 2 44% 4304411 1007968 17%
c d 548.88  0 56 4 494 10 8777 55065 13.5 105 8 1 2 44% 4303707 1007783 17%
c c 554.87  0 56 4 494 10 8777 54993 13.5 105 8 1 2 44% 4244210 997491 17%
c d 556.55  0 56 4 494 10 8777 53633 13.5 105 8 1 2 44% 4211022 996643 17%
c d 557.87  0 56 4 494 10 8777 53621 13.5 105 8 1 2 44% 4208746 995910 17%
c k 560.04  0 56 4 494 10 8777 53621 13.5 105 8 1 2 44% 4208746 988545 17%
c 2 560.30  0 56 4 494 10 8777 53419 13.5 105 8 1 2 44% 4207932 987570 17%
c 
c  seconds   reduction conflicts          size  tier2         variables
c          MB    restarts    redundant       glue  trail            remaining
c           level     rate        size/glue   tier1   irredundant
c 
c = 568.26  0 56 4 494 10 8777 51117 13.5 105 8 1 2 44% 4083917 976762 16%
c d 569.64  0 56 4 494 10 8777 51114 13.5 105 8 1 2 44% 4083826 976720 16%
c d 570.87  0 56 4 494 10 8777 51099 13.5 105 8 1 2 44% 4080115 975558 16%
c u 576.66  0 56 4 494 10 8777 51067 13.5 105 8 1 2 44% 4080112 975546 16%
c v 580.82  0 56 4 494 10 8777 51062 13.5 105 8 1 2 44% 4080112 975533 16%
c x 584.97  0 56 4 494 10 8777 51062 13.5 105 8 1 2 44% 4079991 975144 16%
c t 587.73  0 56 4 494 10 8777 51062 13.5 105 8 1 2 44% 4078870 969089 16%
c i 592.12  0 56 4 494 10 8785 49981 13.5 105 8 1 2 48% 4025874 969083 16%
c i 592.38  0 55 4 494 10 8805 49992 13.5 105 8 1 2 47% 4025874 968811 16%
c i 592.40  0 55 4 494 10 8806 49992 13.5 105 8 1 2 45% 4025874 968224 16%
c i 592.69  0 55 4 494 10 8851 50031 13.4 104 8 1 2 22% 4025874 968216 16%
c i 599.28  0 55 4 502 10 9095 50222 13.8 106 8 1 2 33% 4025874 968207 16%
c i 599.28  0 55 4 502 10 9097 50223 13.8 106 8 1 2 33% 4025874 968188 16%
c i 601.03  0 54 4 504 10 9184 50292 13.7 105 8 1 2 31% 4025874 968128 16%
c i 602.09  0 54 4 504 10 9217 50321 13.6 105 8 1 2 33% 4025874 968126 16%
c i 602.99  0 54 4 508 10 9245 50346 13.7 106 8 1 2 34% 4025874 968120 16%
c i 607.30  0 54 4 515 10 9338 50431 13.7 106 8 1 2 34% 4025874 968118 16%
c i 607.34  0 54 4 515 10 9358 50445 13.7 105 8 1 2 33% 4025874 967762 16%
c i 608.18  0 54 4 515 10 9418 50497 13.7 105 8 1 2 31% 4025874 967707 16%
c i 609.83  0 54 4 515 10 9469 50538 13.6 104 8 1 2 30% 4025874 967600 16%
c 
c  seconds   reduction conflicts          size  tier2         variables
c          MB    restarts    redundant       glue  trail            remaining
c           level     rate        size/glue   tier1   irredundant
c 
c i 610.35  0 54 4 515 10 9530 50575 13.6 104 8 1 2 29% 4025874 967041 16%
c i 610.91  0 54 4 515 10 9549 50589 13.6 104 8 1 2 29% 4025874 967036 16%
c i 612.09  0 53 4 520 10 9607 50632 13.7 105 8 1 2 29% 4025874 966500 16%
c i 613.08  0 53 4 520 10 9688 50702 13.6 104 8 1 2 27% 4025874 966479 16%
c i 613.68  0 53 4 520  9 9729 50727 13.6 103 8 1 2 26% 4025874 966239 16%
c i 619.61  0 54 4 540 10 9869 50850 13.5 110 8 1 2 30% 4025874 966238 16%
c i 620.48  0 54 4 549 10 9910 50880 13.5 109 8 1 2 29% 4025874 966231 16%
c B 623.18  0 54 4 549 10 10013 50959 13.5 109 8 1 2 31% 4025874 966227 16%
c i 628.25  0 55 4 560 10 10095 51022 14.1 116 8 1 2 32% 4025874 966226 16%
c i 628.27  0 55 4 561 10 10096 51022 14.1 116 8 1 2 32% 4025874 966218 16%
c i 628.30  0 55 4 561 10 10097 51022 14.1 116 8 1 2 32% 4025874 965851 16%
c i 630.30  0 54 4 567 10 10228 51140 14.1 115 8 1 2 32% 4025874 965809 16%
c i 632.32  0 54 4 573 10 10287 51194 14.0 114 8 1 2 32% 4025874 965380 16%
c i 635.28  0 54 4 594 10 10400 51288 13.8 114 8 1 2 32% 4025874 965295 16%
c i 635.28  0 54 4 596 10 10405 51291 13.8 114 8 1 2 31% 4025874 965271 16%
c i 635.28  0 54 4 596 10 10406 51291 13.8 114 8 1 2 31% 4025874 965259 16%
c i 635.31  0 54 4 597 10 10409 51293 13.8 114 8 1 2 31% 4025874 965191 16%
c i 638.68  0 54 4 600 10 10521 51378 14.1 117 8 1 2 31% 4025874 964543 16%
c i 640.62  0 54 4 603 10 10554 51405 14.3 118 8 1 2 32% 4025874 963591 16%
c i 643.78  0 53 4 604 10 10704 51528 14.4 118 8 1 2 32% 4025874 962936 16%
c 
c  seconds   reductions conflicts          size  tier2         variables
c          MB    restarts     redundant       glue  trail            remaining
c           level     rate         size/glue   tier1   irredundant
c 
c i 643.78  0 53 4 604 10 10708 51528 14.4 118 8 1 2 32% 4025874 962431 16%
c i 643.78  0 53 4 604 10 10709 51528 14.4 118 8 1 2 32% 4025874 961773 16%
c i 643.79  0 53 4 604 10 10710 51528 14.4 118 8 1 2 32% 4025874 961759 16%
c i 646.99  0 53 4 604  9 10851 51613 14.4 118 8 1 2 32% 4025874 961754 16%
c s 649.92  0 53 4 604  9 10851 51276 14.4 118 8 1 2 32% 3879173 961754 16%
c t 652.06  0 53 4 604  9 10851 51276 14.4 118 8 1 2 32% 3878323 958854 16%
c e 659.19  0 53 4 604  9 10851 37883 14.4 118 8 1 2 32% 3521193 796016 13%
c s 661.48  0 53 4 604  9 10851 37856 14.4 118 8 1 2 32% 3506612 796016 13%
c e 664.98  0 53 4 604  9 10851 37677 14.4 118 8 1 2 32% 3501668 793919 13%
c i 666.58  0 53 4 604  9 10883 37697 14.3 117 8 1 2 31% 3501668 793876 13%
c i 668.12  0 53 4 606  9 10961 37758 14.4 118 8 1 2 31% 3501668 793872 13%
c i 668.12  0 53 4 606  9 10963 37759 14.4 118 8 1 2 31% 3501668 793761 13%
c i 668.13  0 53 4 606  9 10966 37761 14.4 118 8 1 2 31% 3501668 793483 13%
c i 668.19  0 53 4 606  9 10978 37770 14.4 118 8 1 2 31% 3501668 793185 13%
c i 668.25  0 53 4 606  9 10983 37773 14.4 118 8 1 2 31% 3501668 793176 13%
c i 668.25  0 53 4 606  9 10984 37773 14.4 118 8 1 2 31% 3501668 793084 13%
c i 668.45  0 53 4 606  9 11007 37790 14.4 117 8 1 2 31% 3501668 793078 13%
c i 671.36  0 53 4 616  9 11095 37860 14.3 117 8 1 2 31% 3501668 792914 13%
c i 672.98  0 53 4 622  9 11158 37915 14.2 117 8 1 2 31% 3501668 792891 13%
c } 674.07  0 53 4 622  9 11229 37980 14.4 118 8 1 2 31% 3501668 792837 13%
c 
c  seconds    reductions conflicts          size   tier2         variables
c          MB     restarts     redundant       glue   trail            remaining
c            level     rate         size/glue    tier1   irredundant
c 
c [ 674.07  0 144 4 622  3 11229 37980 23.7 968 41 2 6 60% 3501668 792837 13%
c i 676.19  0 147 4 622  3 11343 38069 25.5 1064 42 2 6 58% 3501668 792831 13%
c i 677.40  0 145 4 622  3 11409 38110 25.9 1079 42 2 6 55% 3501668 792825 13%
c i 680.71  0 214 4 622  3 11528 38214 22.8 1023 45 2 6 51% 3501668 792811 13%
c i 681.45  0 234 4 622  3 11575 38248 21.5 1006 47 2 6 49% 3501668 792773 13%
c i 684.36  0 276 4 622  3 11684 38334 19.2 965 50 2 6 46% 3501668 792728 13%
c i 686.48  0 293 4 622  3 11732 38378 18.5 946 51 2 6 45% 3501668 792724 13%
c i 688.87  0 317 4 622  3 11809 38450 17.0 921 54 2 6 44% 3501668 792706 13%
c i 699.92  0 360 4 623  3 12214 38819 15.3 873 57 2 6 41% 3501668 792042 13%
c i 713.75  0 334 4 623  3 12649 39080 18.5 1033 56 2 6 44% 3501668 792022 13%
c i 729.82  0 316 4 623  3 12954 39279 21.6 1179 55 2 6 46% 3501668 791974 13%
c i 730.70  0 313 4 623  3 12977 39298 21.7 1179 54 2 6 46% 3501668 791809 13%
c i 746.77  0 300 4 623  3 13358 39556 22.2 1186 53 1 2 46% 3501668 791692 13%
c i 748.00  0 297 4 623  3 13400 39594 22.1 1174 53 1 2 46% 3501668 791283 13%
c i 760.94  0 281 4 623  3 13787 39868 22.3 1174 53 1 2 46% 3501668 791176 13%
c i 763.63  0 278 4 623  3 13854 39926 22.2 1168 53 1 2 46% 3501668 790882 13%
c i 777.72  0 276 4 623  3 14416 40303 22.0 1252 57 1 2 45% 3501668 790871 13%
c i 780.07  0 275 4 623  3 14494 40338 22.1 1275 58 1 2 45% 3501668 790723 13%
c i 782.63  0 274 4 623  3 14585 40397 22.3 1284 58 1 2 45% 3501668 790683 13%
c i 782.69  0 273 4 623  3 14596 40403 22.3 1282 57 1 2 45% 3501668 790668 13%
c 
c  seconds    reductions conflicts          size    tier2         variables
c          MB     restarts     redundant        glue   trail            remaining
c            level     rate         size/glue     tier1   irredundant
c 
c i 788.98  0 265 4 623  3 14752 40545 23.2 1304 56 1 2 45% 3501668 790301 13%
c i 796.87  0 264 4 624  3 14865 30858 22.9 1280 56 1 2 23% 3461222 789797 13%
c i 798.43  0 260 4 624  3 14937 30911 22.9 1260 55 1 2 22% 3461222 789074 13%
c - 800.58  0 259 5 624  3 14954 12891 23.0 1267 55 1 2 32% 3449472 788497 13%
c 2 800.74  0 259 5 624  3 14954 12779 23.0 1267 55 1 2 32% 3449315 788456 13%
c d 801.49  0 259 5 624  3 14954 12771 23.0 1267 55 1 2 32% 3447021 787890 13%
c d 802.06  0 259 5 624  3 14954 12771 23.0 1267 55 1 2 32% 3446778 787887 13%
c p 803.56  0 259 5 624  3 14954 86989 23.0 1267 55 1 2 32% 3446778 782935 13%
c d 804.80  0 259 5 624  3 14954 73509 23.0 1267 55 1 2 32% 3396947 782855 13%
c d 805.52  0 259 5 624  3 14954 73466 23.0 1267 55 1 2 32% 3394353 782070 13%
c c 809.49  0 259 5 624  3 14954 73255 23.0 1267 55 1 2 32% 3340699 774224 13%
c d 810.60  0 259 5 624  3 14954 70767 23.0 1267 55 1 2 32% 3312953 773406 13%
c d 811.47  0 259 5 624  3 14954 70747 23.0 1267 55 1 2 32% 3311363 772912 13%
c k 813.91  0 259 5 624  3 14954 70747 23.0 1267 55 1 2 32% 3311363 765403 13%
c 2 814.13  0 259 5 624  3 14954 70351 23.0 1267 55 1 2 32% 3310500 764402 13%
c = 824.43  0 259 5 624  3 14954 66266 23.0 1267 55 1 2 32% 3197286 758162 13%
c d 825.52  0 259 5 624  3 14954 66250 23.0 1267 55 1 2 32% 3197215 758138 13%
c d 826.28  0 259 5 624  3 14954 66213 23.0 1267 55 1 2 32% 3194360 757081 13%
c u 829.68  0 259 5 624  3 14954 66190 23.0 1267 55 1 2 32% 3194357 757081 13%
c v 830.93  0 259 5 624  3 14954 66176 23.0 1267 55 1 2 32% 3194357 757049 13%
c 
c  seconds    reductions conflicts          size    tier2         variables
c          MB     restarts     redundant        glue   trail            remaining
c            level     rate         size/glue     tier1   irredundant
c 
c x 833.56  0 259 5 624  3 14954 66176 23.0 1267 55 1 2 32% 3194269 756910 13%
c t 836.96  0 259 5 624  3 14954 65927 23.0 1267 55 1 2 32% 3192118 753666 13%
c I 838.31  0 261 5 624  3 15014 65957 22.9 1263 55 1 2 46% 3192118 753666 13%
c i 838.35  0 261 5 624  3 15020 65961 22.9 1262 55 1 2 45% 3192118 753653 13%
c i 841.46  0 256 5 624  3 15244 66166 22.3 1203 54 1 2 34% 3192118 753488 13%
c i 850.10  0 244 5 624  3 15618 66494 22.2 1159 52 1 2 37% 3192118 753290 13%
c i 850.13  0 244 5 624  3 15619 66494 22.2 1159 52 1 2 36% 3192118 753286 13%
c i 856.98  0 236 5 624  3 15829 66666 22.0 1117 51 1 2 37% 3192118 753089 13%
c i 859.06  0 231 5 624  3 15925 66752 22.1 1104 50 1 2 37% 3192118 753012 13%
c i 868.62  0 232 5 625  3 16413 66972 21.8 1193 55 1 2 48% 3192118 752900 13%
c i 873.44  0 233 5 625  3 16634 67021 22.1 1235 56 1 2 51% 3192118 752871 13%
c i 877.37  0 232 5 625  3 16797 67092 22.6 1263 56 1 2 53% 3192118 752866 13%
c i 877.77  0 232 5 625  3 16810 67102 22.6 1263 56 1 2 53% 3192118 752693 13%
c i 879.81  0 230 5 625  3 16879 67167 22.6 1251 55 1 2 53% 3192118 752692 13%
c i 883.33  0 227 5 625  3 16979 67253 22.6 1233 55 1 2 52% 3192118 752690 13%
c i 907.11  0 210 5 625  3 17481 67686 22.9 1163 51 1 2 51% 3192118 752675 13%
c i 917.98  0 201 5 626  3 17760 67885 22.9 1119 49 1 2 51% 3192118 723609 12%
c i 918.35  0 201 5 626  3 17775 67898 22.9 1118 49 1 2 52% 3192118 723603 12%
c i 918.59  0 201 5 626  3 17779 67901 22.9 1118 49 1 2 52% 3192118 723599 12%
c i 918.78  0 200 5 626  3 17788 67908 22.9 1117 49 1 2 52% 3192118 723583 12%
c 
c  seconds    reductions conflicts          size    tier2         variables
c          MB     restarts     redundant        glue   trail            remaining
c            level     rate         size/glue     tier1   irredundant
c 
c i 924.87  0 196 5 626  3 17998 68083 23.1 1104 48 1 2 52% 3192118 723500 12%
c i 927.61  0 203 5 626  3 18104 68144 22.8 1099 48 1 2 52% 3192118 723165 12%
c i 929.86  0 207 5 626  3 18171 68201 22.5 1089 48 1 2 52% 3192118 722967 12%
c i 929.97  0 208 5 626  3 18184 68210 22.5 1088 48 1 2 52% 3192118 722966 12%
c i 930.07  0 208 5 626  3 18194 68214 22.5 1086 48 1 2 51% 3192118 722897 12%
c i 932.93  0 211 5 626  3 18302 68308 22.2 1072 48 1 2 51% 3192118 722844 12%
c i 933.94  0 212 5 626  3 18331 68333 22.0 1068 49 1 2 51% 3192118 722562 12%
c i 937.32  0 214 5 626  3 18464 68447 21.4 1050 49 1 2 50% 3192118 722537 12%
c i 937.39  0 214 5 626  3 18471 68449 21.4 1050 49 1 2 50% 3192118 722530 12%
c i 942.05  0 215 5 626  3 18563 68530 21.0 1039 50 1 2 50% 3192118 721652 12%
c i 950.96  0 216 5 626  3 18742 68683 20.3 1019 50 1 2 49% 3192118 721627 12%
c i 954.32  0 215 5 626  3 18836 68760 20.0 1008 50 1 2 49% 3192118 721607 12%
c i 957.14  0 215 5 626  3 18892 68810 19.8 1002 51 1 2 49% 3192118 721601 12%
c i 957.72  0 215 5 626  3 18910 68824 19.7 1000 51 1 2 49% 3192118 721593 12%
c i 958.89  0 215 5 626  3 18947 68850 19.6 996 51 1 2 49% 3192118 721553 12%
c i 959.52  0 215 5 626  3 18969 68868 19.6 993 51 1 2 49% 3192118 721292 12%
c i 963.19  0 214 5 626  3 19046 68925 19.3 985 51 1 2 49% 3192118 720711 12%
c i 964.55  0 213 5 626  3 19075 68950 19.3 981 51 1 2 49% 3192118 720673 12%
c i 968.03  0 212 5 626  3 19162 69011 19.2 972 51 1 2 48% 3192118 720183 12%
c i 973.94  0 207 5 626  3 19426 69221 19.1 948 50 1 2 48% 3192118 720163 12%
c 
c  seconds    reductions conflicts          size   tier2         variables
c          MB     restarts     redundant       glue   trail            remaining
c            level     rate         size/glue    tier1   irredundant
c 
c i 974.33  0 206 5 626  3 19449 69238 19.1 946 49 1 2 48% 3192118 719167 12%
c i 975.14  0 206 5 626  3 19467 69246 19.1 944 49 1 2 48% 3192118 719128 12%
c ] 976.82  0 205 5 626  3 19528 69303 19.1 940 49 1 2 48% 3192118 719128 12%
c { 976.82  0 53 5 626  9 19528 69303 14.4 118 8 1 2 39% 3192118 719128 12%
c i 977.89  0 53 5 629  9 19548 69322 14.4 118 8 1 2 39% 3192118 717653 12%
c i 987.85  0 51 5 648  9 19886 69565 14.6 120 8 1 2 39% 3192118 716615 12%
c i 989.39  0 51 5 648  9 19932 69604 14.6 119 8 1 2 39% 3192118 704115 12%
c i 989.44  0 51 5 648  9 19937 69608 14.6 119 8 1 2 39% 3192118 704114 12%
c i 989.47  0 51 5 648  9 19939 69609 14.6 119 8 1 2 39% 3192118 704110 12%
c i 994.87  0 51 5 648  9 20062 69700 15.6 127 8 1 2 40% 3192118 704089 12%
c } 995.79  0 50 5 648  9 20101 69723 15.8 128 8 1 2 40% 3192118 545063  9%
c 0 995.79  0 50 5 648  9 20101 69723 15.8 128 8 1 2 40% 3192118 545063  9%
c 
c --- [ closing proof ] ------------------------------------------------------
c 
c LRAT proof file '/tmp/e135-k7-direct.lrat' closed
c LRAT 17613526 added clauses 40.98%
c LRAT 25368478 deleted clauses 59.02%
c LRAT 1944819324 bytes (1854.72 MB)
c 
c --- [ result ] -------------------------------------------------------------
c 
s UNSATISFIABLE
c 
c --- [ run-time profiling ] -------------------------------------------------
c 
c process time taken by individual solving procedures
c (percentage relative to process time for solving)
c 
c       709.43   72.32% search
c       353.61   36.05% stable
c       350.73   35.75% unstable
c       267.17   27.23% simplify
c        93.37    9.52% preprocess
c        57.76    5.89% fastelim
c        40.96    4.18% elim
c        35.43    3.61% congruence
c        27.90    2.84% sweep
c        21.38    2.18% vivify
c        19.19    1.96% subsume
c        14.77    1.51% parse
c         6.26    0.64% backbone
c         5.09    0.52% lucky
c         2.26    0.23% probe
c         0.80    0.08% ternary
c   =================================
c       981.02   98.52% solve
c 
c last line shows process time for solving
c (percentage relative to total process time)
c 
c --- [ statistics ] ---------------------------------------------------------
c 
c chronological:              7098        35.31 %  of conflicts
c conflicts:                 20101        20.49    per second
c backbone:               17714882       298.94 %  of vars
c decisions:                118712       121.01    per second
c eliminated:              4180862        70.55 %  of all variables
c fixed:                   1129276        19.06 %  of all variables
c learned:                   16922        84.18 %  per conflict
c learned_lits:           12588122       100.00 %  learned literals
c minimized:                     0         0.00 %  learned literals
c shrunken:                1613589        12.82 %  learned literals
c minishrunken:            2271044        18.04 %  learned literals
c otfs:                        267         1.33 %  of conflict
c propagations:         1884038227         1.92 M  per second
c reduced:                    6085        30.27 %  per conflict
c rephased:                      5      4020.20    interval
c restarts:                    648        31.02    interval
c stabilizing:                   2        49.68 %  of conflicts
c substituted:               70765         1.19 %  of all variables
c sweep equivs:               9162        15.78 %  of swept variables
c subsumed:                 934014         3.62 %  of all clauses
c strengthened:              47935         0.19 %  of all clauses
c ticks:                6412893148         3.75    propagation
c vivified:                    218         0.00 %  of all clauses
c weakened:               14908525         2.84    average size
c congruence:                    4      5025.25    interval
c 
c seconds are measured in process time for solving
c 
c --- [ glue usage ] ---------------------------------------------------------
c 
c focused glue 1 used 36991 clauses 73.45% accumulated 73.45% tier1
c focused glue 2 used 6110 clauses 12.13% accumulated 85.58% tier2
c 
c stable glue 1 used 53432 clauses 63.00% accumulated 63.00% tier1
c stable glue 2 used 12171 clauses 14.35% accumulated 77.35% tier2
c 
c 
c --- [ resources ] ----------------------------------------------------------
c 
c total process time since initialization:       995.79    seconds
c total real time since initialization:          996.65    seconds
c maximum resident set size of process:         4341.67    MB
c 
c --- [ shutting down ] ------------------------------------------------------
c 
c exit 20
